0.15707448
0.15710812
0.15714196
0.15717599
0.15721021
0.15724463
0.15727924
0.15731405
0.15734905
0.15738425
0.15741965
0.15745525
0.15749105
0.15752705
0.15756325
0.15759966
0.15763627
0.15767309
0.15771011
0.15774735
0.15778479
0.15782243
0.15786029
0.15789836
0.15793664
0.15797514
0.15801385
0.15805277
0.15809191
0.15813126
0.15817084
0.15821063
0.15825063
0.15829086
0.15833131
0.15837198
0.15841288
0.15845399
0.15849533
0.1585369 
0.15857869
0.1586207 
0.15866295
0.15870542
0.15874812
0.15879105
0.1588342 
0.15887759
0.15892122
0.15896507
0.15900916
0.15905348
0.15909803
0.15914282
0.15918785
0.15923311
0.15927861
0.15932435
0.15937033
0.15941655
0.159463  
0.1595097 
0.15955664
0.15960381
0.15965124
0.1596989 
0.15974681
0.15979496
0.15984336
0.159892  
0.15994089
0.15999002
0.16003941
0.16008903
0.16013891
0.16018904
0.16023941
0.16029004
0.16034091
0.16039204
0.16044341
0.16049504
0.16054692
0.16059905
0.16065144
0.16070407
0.16075697
0.16081011
0.16086351
0.16091717
0.16097108
0.16102524
0.16107967
0.16113434
0.16118928
0.16124447
0.16129992
0.16135563
0.16141159
0.16146782
0.1615243 
0.16158104
0.16163804
0.1616953 
0.16175282
0.1618106 
0.16186864
0.16192695
0.16198551
0.16204433
0.16210341
0.16216276
0.16222236
0.16228223
0.16234236
0.16240275
0.16246341
0.16252432
0.1625855 
0.16264694
0.16270865
0.16277061
0.16283284
0.16289534
0.16295809
0.16302111
0.16308439
0.16314793
0.16321174
0.16327581
0.16334015
0.16340474
0.16346961
0.16353473
0.16360012
0.16366577
0.16373168
0.16379786
0.1638643 
0.163931  
0.16399797
0.16406519
0.16413269
0.16420044
0.16426846
0.16433673
0.16440528
0.16447408
0.16454315
0.16461247
0.16468206
0.16475191
0.16482203
0.1648924 
0.16496304
0.16503393
0.16510509
0.16517651
0.16524818
0.16532012
0.16539232
0.16546477
0.16553749
0.16561046
0.1656837 
0.16575719
0.16583094
0.16590495
0.16597921
0.16605374
0.16612852
0.16620355
0.16627885
0.1663544 
0.1664302 
0.16650626
0.16658258
0.16665915
0.16673597
0.16681305
0.16689038
0.16696796
0.1670458 
0.16712389
0.16720223
0.16728082
0.16735967
0.16743876
0.1675181 
0.1675977 
0.16767754
0.16775763
0.16783797
0.16791856
0.1679994 
0.16808048
0.16816181
0.16824338
0.1683252 
0.16840727
0.16848958
0.16857213
0.16865493
0.16873797
0.16882125
0.16890478
0.16898854
0.16907255
0.16915679
0.16924128
0.16932601
0.16941097
0.16949617
0.16958161
0.16966729
0.1697532 
0.16983935
0.16992573
0.17001235
0.1700992 
0.17018629
0.1702736 
0.17036115
0.17044893
0.17053695
0.17062519
0.17071366
0.17080236
0.17089129
0.17098045
0.17106984
0.17115945
0.17124929
0.17133935
0.17142964
0.17152015
0.17161088
0.17170184
0.17179302
0.17188442
0.17197605
0.17206789
0.17215995
0.17225223
0.17234473
0.17243745
0.17253039
0.17262354
0.1727169 
0.17281049
0.17290428
0.17299829
0.17309251
0.17318695
0.1732816 
0.17337646
0.17347152
0.1735668 
0.17366229
0.17375799
0.17385389
0.17395   
0.17404632
0.17414285
0.17423958
0.17433651
0.17443365
0.174531  
0.17462854
0.17472629
0.17482424
0.17492239
0.17502074
0.17511929
0.17521804
0.17531699
0.17541614
0.17551548
0.17561502
0.17571476
0.1758147 
0.17591483
0.17601515
0.17611567
0.17621638
0.17631729
0.17641839
0.17651968
0.17662116
0.17672283
0.1768247 
0.17692675
0.17702899
0.17713143
0.17723405
0.17733686
0.17743986
0.17754305
0.17764642
0.17774999
0.17785374
0.17795767
0.1780618 
0.1781661 
0.1782706 
0.17837528
0.17848015
0.1785852 
0.17869043
0.17879586
0.17890146
0.17900726
0.17911323
0.1792194 
0.17932574
0.17943228
0.179539  
0.1796459 
0.179753  
0.17986028
0.17996774
0.18007539
0.18018324
0.18029127
0.18039949
0.1805079 
0.1806165 
0.18072529
0.18083427
0.18094345
0.18105283
0.1811624 
0.18127217
0.18138214
0.18149232
0.18160269
0.18171328
0.18182407
0.18193507
0.18204628
0.18215771
0.18226936
0.18238124
0.18249334
0.18260567
0.18271824
0.18283105
0.18294411
0.18305741
0.18317098
0.18328481
0.18339891
0.18351329
0.18362795
0.18374292
0.1838582 
0.18397379
0.18408972
0.18420599
0.18432262
0.18443963
0.18455704
0.18467486
0.18479311
0.18491182
0.18503102
0.18515073
0.18527099
0.18539183
0.18551329
0.18563542
0.18575827
0.18588188
0.18600633
0.18613168
0.186258  
0.1863854 
0.18651396
0.18664381
0.18677506
0.18690786
0.18704238
0.18717881
0.18731735
0.18745824
0.18760174
0.18774815
0.18789775
0.18805084
0.18820764
0.18836819
0.18853214
0.18869828
0.18886349
0.18902055
0.18915291
0.18922388
0.18914182
0.18786528
0.18736396